x = 3
y = 4
(theta, radius)

shape: region
+---------------+---------------+---------------+---------------+
|(0,0)(0,1)(0,2)|(1,0)(1,1)(1,2)|(2,0)(2,1)(2,2)|(3,0)(3,1)(3,2)|
|(0,3)(0,4)(0,5)|(1,3)(1,4)(1,5)|(2,3)(2,4)(2,5)|(3,3)(3,4)(3,5)|
|(0,6)(0,7)(0,8)|(1,6)(1,7)(1,8)|(2,6)(2,7)(2,8)|(3,6)(3,7)(3,8)|
|(0,9)(0,A)(0,B)|(1,9)(1,A)(1,B)|(2,9)(2,A)(2,B)|(3,9)(3,A)(3,B)|
+---------------+---------------+---------------+---------------+
|(4,0)(4,1)(4,2)|(5,0)(5,1)(5,2)|(6,0)(6,1)(6,2)|(7,0)(7,1)(7,2)|
|(4,3)(4,4)(4,5)|(5,3)(5,4)(5,5)|(6,3)(6,4)(6,5)|(7,3)(7,4)(7,5)|
|(4,6)(4,7)(4,8)|(5,6)(5,7)(5,8)|(6,6)(6,7)(6,8)|(7,6)(7,7)(7,8)|
|(4,9)(4,A)(4,B)|(5,9)(5,A)(5,B)|(6,9)(6,A)(6,B)|(7,9)(7,A)(7,B)|
+---------------+---------------+---------------+---------------+
|(8,0)(8,1)(8,2)|(9,0)(9,1)(9,2)|(A,0)(A,1)(A,2)|(B,0)(B,1)(B,2)|
|(8,3)(8,4)(8,5)|(9,3)(9,4)(9,5)|(A,3)(A,4)(A,5)|(B,3)(B,4)(B,5)|
|(8,6)(8,7)(8,8)|(9,6)(9,7)(9,8)|(A,6)(A,7)(A,8)|(B,6)(B,7)(B,8)|
|(8,9)(8,A)(8,B)|(9,9)(9,A)(9,B)|(A,9)(A,A)(A,B)|(B,9)(B,A)(B,B)|
+---------------+---------------+---------------+---------------+

shape: row
+---------------+---------------+---------------+---------------+
|(0,0)(0,1)(0,2)|(0,3)(0,4)(0,5)|(0,6)(0,7)(0,8)|(0,9)(0,A)(0,B)|
|(1,0)(1,1)(1,2)|(1,3)(1,4)(1,5)|(1,6)(1,7)(1,8)|(1,9)(1,A)(1,B)|
|(2,0)(2,1)(2,2)|(2,3)(2,4)(2,5)|(2,6)(2,7)(2,8)|(2,9)(2,A)(2,B)|
|(3,0)(3,1)(3,2)|(3,3)(3,4)(3,5)|(3,6)(3,7)(3,8)|(3,9)(3,A)(3,B)|
+---------------+---------------+---------------+---------------+
|(4,0)(4,1)(4,2)|(4,3)(4,4)(4,5)|(4,6)(4,7)(4,8)|(4,9)(4,A)(4,B)|
|(5,0)(5,1)(5,2)|(5,3)(5,4)(5,5)|(5,6)(5,7)(5,8)|(5,9)(5,A)(5,B)|
|(6,0)(6,1)(6,2)|(6,3)(6,4)(6,5)|(6,6)(6,7)(6,8)|(6,9)(6,A)(6,B)|
|(7,0)(7,1)(7,2)|(7,3)(7,4)(7,5)|(7,6)(7,7)(7,8)|(7,9)(7,A)(7,B)|
+---------------+---------------+---------------+---------------+
|(8,0)(8,1)(8,2)|(8,3)(8,4)(8,5)|(8,6)(8,7)(8,8)|(8,9)(8,A)(8,B)|
|(9,0)(9,1)(9,2)|(9,3)(9,4)(9,5)|(9,6)(9,7)(9,8)|(9,9)(9,A)(9,B)|
|(A,0)(A,1)(A,2)|(A,3)(A,4)(A,5)|(A,6)(A,7)(A,8)|(A,9)(A,A)(A,B)|
|(B,0)(B,1)(B,2)|(B,3)(B,4)(B,5)|(B,6)(B,7)(B,8)|(B,9)(B,A)(B,B)|
+---------------+---------------+---------------+---------------+

shape: colum
+---------------+---------------+---------------+---------------+
|(0,0)(1,0)(2,0)|(3,0)(4,0)(5,0)|(6,0)(7,0)(8,0)|(9,0)(A,0)(B,0)|
|(0,1)(1,1)(2,1)|(3,1)(4,1)(5,1)|(6,1)(7,1)(8,1)|(9,1)(A,1)(B,1)|
|(0,2)(1,2)(2,2)|(3,2)(4,2)(5,2)|(6,2)(7,2)(8,2)|(9,2)(A,2)(B,2)|
|(0,3)(1,3)(2,3)|(3,3)(4,3)(5,3)|(6,3)(7,3)(8,3)|(9,3)(A,3)(B,3)|
+---------------+---------------+---------------+---------------+
|(0,4)(1,4)(2,4)|(3,4)(4,4)(5,4)|(6,4)(7,4)(8,4)|(9,4)(A,4)(B,4)|
|(0,5)(1,5)(2,5)|(3,5)(4,5)(5,5)|(6,5)(7,5)(8,5)|(9,5)(A,5)(B,5)|
|(0,6)(1,6)(2,6)|(3,6)(4,6)(5,6)|(6,6)(7,6)(8,6)|(9,6)(A,6)(B,6)|
|(0,7)(1,7)(2,7)|(3,7)(4,7)(5,7)|(6,7)(7,7)(8,7)|(9,7)(A,7)(B,7)|
+---------------+---------------+---------------+---------------+
|(0,8)(1,8)(2,8)|(3,8)(4,8)(5,8)|(6,8)(7,8)(8,8)|(9,8)(A,8)(B,8)|
|(0,9)(1,9)(2,9)|(3,9)(4,9)(5,9)|(6,9)(7,9)(8,9)|(9,9)(A,9)(B,9)|
|(0,A)(1,A)(2,A)|(3,A)(4,A)(5,A)|(6,A)(7,A)(8,A)|(9,A)(A,A)(B,A)|
|(0,B)(1,B)(2,B)|(3,B)(4,B)(5,B)|(6,B)(7,B)(8,B)|(9,B)(A,B)(B,B)|
+---------------+---------------+---------------+---------------+
